TRS3	0	16333697	37062054	16333699	37062554
DEL	0	16429685	28592716
INV/TRS4	0	16470397	16471398
DEL	0	16491183	16541182
TRS1	0	16590741	39467403	16590745	39467399
TRS1	0	16591541	39468201	16591543	39468199
DEL	0	16960405	28006307
TRSdR	0	16996478	24590021
DEL	0	17092814	17092834
DEL	0	18223097	18226096
CNV3	0	18390372	26029321	25949320
TRSdR	0	18478364	18478364
TRSdR	0	18702983	48556427
DEL	0	18747273	21465673
TRS2	0	18822862	25632354	21495008	25632355
DEL	0	18826118	21491852
TRSdR	0	18842858	24686432
DEL	0	18875133	18876940
TRSdR	0	18903616	19023013
DEL	0	18910359	18910772
DEL	0	19023013	20297696
TRSdR	0	19765104	34253872
CNV2	0	21007046	21008047	22743788
TRSdR	0	21092338	21797379
DEL	0	21481837	37694939
INV/TRS4	0	21495007	25632354
TRS3	0	21505017	25622355	21614103	25622354
INV/TRS4	0	21505016	25622354
CNV1	0	18812854	21614103	25622354
TRSdR	0	21641220	25035108
tandemCNV3	0	21934317	21944317
CNV4	0	22012131	23489918	23490719
TRSdR	0	22202119	24461570
INV/TRS4	0	22267035	22267233
DEL	0	22389706	22397705
DEL	0	22529719	28456755
DEL	0	22529724	28456818
tandemCNV2	0	22506276	22556275
CNV4	0	22709987	28718993	28720994
CNV1	0	22797066	22797567	44108593
DEL	0	22800251	28456818
tandemCNV3	0	22885335	22886333
DEL	0	23348149	23348323
TRS3	0	23696818	47985661	23746818	47985660
TRS3	0	23696817	47935661	23696818	47985661
TRS3	0	23746817	47935659	23746818	47985660
TRS3	0	24365695	43391414	24385695	43391409
TRS3	0	24365694	43371412	24365695	43391414
TRS2	0	24385695	43391409	24385698	43371410
DEL	0	24398994	24399294
TRSdR	0	24420724	40290510
TRSdR	0	24768368	36486403
TRS2	0	25122542	39742696	25125541	39742697
TRS3	0	25122540	39745696	25122542	39742696
TRS3	0	25125540	39745697	25125541	39742697
CNV2	0	25557545	25557746	33305741
DEL	0	25698542	25698682
CNV2	0	25815838	25815940	47102872
CNV3	0	26405493	30575897	30572895
CNV1	0	26743455	26751456	44803434
DEL	0	27527424	27607423
CNV3	0	28038371	28119804	28089803
DEL	0	29010845	40238531
DEL	0	29222807	33775464
TRSdR	0	29711718	29719715
TRSdR	0	29809529	42944342
tandemCNV2	0	30199321	30202321
tandemCNV3	0	30604871	30612871
CNV3	0	31059100	48683063	48678062
DEL	0	31066295	31067292
TRS3	0	31334016	47546552	31334018	47538552
TRSdR	0	31424132	42026723
DEL	0	32535793	32536302
DEL	0	32723786	32723868
TRS2	0	33362096	46696350	33362396	46696353
TRS3	0	33362095	46696651	33362096	46696350
TRS3	0	33362395	46696652	33362396	46696353
TRS2	0	33568693	38377589	33568892	38377591
TRS3	0	33568691	38377789	33568693	38377589
TRS3	0	33568891	38377792	33568892	38377591
tandemCNV3	0	34009341	34010141
DEL	0	34071205	34091202
DEL	0	34253865	34254672
DEL	0	34541248	34546247
TRSdR	0	35009664	35010111
TRS1	0	35421417	41774879	35421418	41774878
TRS1	0	35501417	41854879	35501418	41854878
INV/TRS4	0	35929631	35930431
INV/TRS4	0	36454002	36454302
DEL	0	36599184	36599972
TRS2	0	37140698	37571210	37142694	37571213
TRS3	0	37140693	37573212	37140698	37571210
TRS3	0	37142693	37573213	37142694	37571213
INV/TRS4	0	37715690	37765690
DEL	0	38120835	38120900
TRSdR	0	39806260	39811258
CNV4	0	40625758	48357568	48377570
DEL	0	41141225	42027006
DEL	0	41927874	41928673
INV/TRS4	0	43600158	43610158
INV/TRS4	0	44327225	44327725
DEL	0	45413913	45423910
DEL	0	48203496	48203795
DEL	0	49109362	49109861
DEL	0	50173626	50173825
INV/TRS4	0	50750791	50830793
INV/TRS4	0	50899761	50901761
DEL	0	51192870	51193906
TRSdl	0	16135829	16138829
TRS3	0	16333697	37062054	16334197	37062053
TRSdl	0	16334197	37062053
TRSdl	0	16403701	47657677
tandemCNV1	0	16440063	34955875
tandemCNV1	0	16440069	18001179
TRSdl	0	16470397	16471398
TRSdl	0	16478268	34793942
tandemCNV1	0	16590741	39467403
tandemCNV1	0	16591541	39468201
TRSdl	0	16959703	17478602
TRS3	0	17477946	28006311	28006256	28006307
tandemCNV1	0	17827318	19886629
tandemCNV1	0	18390372	26029321
TRSdl	0	18658937	21465673
tandemCNV1	0	18711524	29222804
tandemCNV1	0	18711524	40243065
TRS3	0	18812854	25622355	21505016	25622354
tandemCNV1	0	18826017	21491753
tandemCNV1	0	18827615	30016825
tandemCNV1	0	18850702	31779539
tandemCNV1	0	20501532	20501595
tandemCNV1	0	20503829	48556427
tandemCNV1	0	20716355	21538435
TRSdl	0	21007046	22743787
tandemCNV1	0	21107402	21917117
tandemCNV1	0	21477873	25035108
TRSdl	0	21495007	25632354
TRSdl	0	21505016	25622354
tandemCNV1	0	21561485	24643192
TRSdl	0	21934314	21934314
TRSdl	0	22012131	23489918
TRSdl	0	22267035	22267233
TRSdl	0	22506276	22556275
TRSdl	0	22709987	28718993
tandemCNV1	0	22797066	44108594
tandemCNV1	0	22850092	37926495
TRSdl	0	22885332	22885332
tandemCNV1	0	23218265	34956183
tandemCNV1	0	23408045	23488048
tandemCNV1	0	23546559	23546703
TRS3	0	23696817	47935661	23746817	47935659
TRSdl	0	23746817	47935659
tandemCNV1	0	23878248	24642555
TRSdl	0	23944106	25823622
TRS3	0	24365694	43371412	24385698	43371410
TRSdl	0	24385698	43371410
TRSdl	0	24656429	24686430
tandemCNV1	0	24768069	33570803
TRSdl	0	25122540	39745696
tandemCNV1	0	25125540	39745697
tandemCNV1	0	25510569	25510773
TRSdl	0	25557545	33305739
TRSdl	0	25815838	47102870
tandemCNV1	0	25832487	25832731
tandemCNV1	0	26081445	26081946
tandemCNV1	0	26405493	30575897
tandemCNV1	0	26743455	44803436
tandemCNV1	0	27258460	27263461
tandemCNV1	0	27801250	27801551
TRSdl	0	28006256	28006307
tandemCNV1	0	28038371	28119804
tandemCNV1	0	28133056	28133279
TRSdl	0	28283392	28303391
TRSdl	0	28456818	28859296
TRSdl	0	28708064	47745093
TRSdl	0	30199321	30202321
TRSdl	0	30604870	30604870
tandemCNV1	0	31059100	48683063
tandemCNV1	0	31234978	32671360
TRSdl	0	31334016	47546552
tandemCNV1	0	31342017	47546553
tandemCNV1	0	32715358	32735356
TRSdl	0	32847168	40290271
tandemCNV1	0	32898977	43136859
tandemCNV1	0	33327803	33328187
TRSdl	0	33362095	46696651
tandemCNV1	0	33362395	46696652
tandemCNV1	0	33479341	33481343
TRSdl	0	33568691	38377789
tandemCNV1	0	33568891	38377792
TRSdl	0	34009340	34009340
tandemCNV1	0	35421417	41774879
tandemCNV1	0	35501417	41854879
TRSdl	0	35545675	43129105
TRSdl	0	35545774	43129004
TRSdl	0	35929631	35930431
TRSdl	0	36454002	36454302
TRSdl	0	37140693	37573212
tandemCNV1	0	37142693	37573213
TRSdl	0	37715690	37765690
tandemCNV1	0	38641263	38641756
tandemCNV1	0	38883205	38883455
tandemCNV1	0	39040320	39040575
tandemCNV1	0	39249838	39249995
TRSdl	0	40625758	48357568
tandemCNV1	0	40732047	40732324
tandemCNV1	0	40892241	40892881
TRSdl	0	43600158	43610158
TRSdl	0	44327225	44327725
tandemCNV1	0	45399164	45399385
tandemCNV1	0	45723880	45724293
tandemCNV1	0	46003900	46004159
tandemCNV1	0	46231709	46261713
tandemCNV1	0	47331630	47331865
tandemCNV1	0	47985837	47986219
tandemCNV1	0	47998975	47999289
tandemCNV1	0	48009065	48009247
tandemCNV1	0	48686018	48686657
tandemCNV1	0	48892033	48892237
tandemCNV1	0	49951404	49952089
TRSdl	0	50750791	50830793
TRSdl	0	50899761	50901761
tandemCNV1	0	51123727	51123782
