H/T	chr0	16173893	44	6	0	0
T	chr0	16541182	0	15	0	0
H/T	chr0	16591543	14	2	0	0
H/T	chr0	17188954	18	1	0	0
H/T	chr0	18390373	20	3	0	0
H/T	chr0	18478364	17	1	0	0
H/T	chr0	20800905	61	3	0	0
T	chr0	21007046	0	15	0	0
H/T	chr0	21008047	14	1	0	0
H/T	chr0	21044408	15	1	0	0
H/T	chr0	21495008	14	1	0	0
H/T	chr0	21614103	18	1	0	0
T	chr0	21767569	0	15	0	0
T	chr0	21934314	0	32	0	0
H/T	chr0	21944317	24	1	0	0
H/T	chr0	22267236	13	3	0	0
H/T	chr0	22556277	38	3	0	0
H/T	chr0	22743788	14	1	0	0
T	chr0	22885332	0	37	0	0
H/T	chr0	23696818	17	3	0	0
H/T	chr0	23746818	14	1	0	0
H/T	chr0	24365695	19	1	0	0
H/T	chr0	24385695	13	9	0	0
H/T	chr0	24686432	21	1	0	0
H/T	chr0	25021615	27	3	0	0
H/T	chr0	25137811	18	1	0	0
H	chr0	25510773	19	0	0	0
T	chr0	25557545	0	21	0	0
H/T	chr0	25557746	15	1	0	0
H/T	chr0	25622355	16	2	0	0
H	chr0	25632355	20	0	0	0
T	chr0	25949320	0	18	0	0
T	chr0	27258460	0	15	0	0
H	chr0	27263461	19	0	0	0
H	chr0	27527424	18	0	0	0
T	chr0	27607423	0	17	0	0
T	chr0	27801250	0	15	0	0
H/T	chr0	27801551	15	1	0	0
H/T	chr0	28647158	39	1	0	0
H/T	chr0	29468961	30	1	0	0
H/T	chr0	30202323	28	3	0	0
T	chr0	31059100	0	15	0	0
T	chr0	32715358	0	21	0	0
H	chr0	32735356	18	0	0	0
H/T	chr0	33305741	24	1	0	0
H	chr0	33481343	15	0	0	0
T	chr0	34009340	0	15	0	0
T	chr0	34920487	0	20	0	0
H/T	chr0	35250676	44	3	0	0
H/T	chr0	35421418	20	6	0	0
T	chr0	35501417	0	17	0	0
T	chr0	35551777	0	16	0	0
T	chr0	37694939	0	17	0	0
H/T	chr0	37695240	22	1	0	0
H/T	chr0	37715691	15	2	0	0
H	chr0	37765691	17	0	0	0
H/T	chr0	38751611	53	3	0	0
T	chr0	40195438	0	16	0	0
H	chr0	40625762	17	0	0	0
H/T	chr0	41139025	1	27	0	0
H/T	chr0	41774879	21	2	0	0
H	chr0	41927874	18	0	0	0
H/T	chr0	42825842	72	8	0	0
H/T	chr0	43371412	14	1	0	0
H/T	chr0	43391414	12	3	0	0
H/T	chr0	44327725	2	21	0	0
H/T	chr0	46395496	29	1	0	0
H/T	chr0	46696353	13	2	0	0
H/T	chr0	47125299	31	4	0	0
H/T	chr0	47985660	1	23	0	0
T	chr0	48357568	0	17	0	0
H/T	chr0	48377570	17	2	0	0
T	chr0	48678062	0	17	0	0
H	chr0	48683063	19	0	0	0
H/T	chr0	48960383	40	1	0	0
H/T	chr0	50750794	21	2	0	0
H/T	chr0	50830796	16	2	0	0
